00
00
00
00
00
00
00
00
00
00
00
00
00
00
00
00
00
00
00
00
00
00
FC
96
30
CA
64
FE
98
32
CC
66
00
00
00
00
00
00
00
00
00
00
00
00
00
00
00
00
00
00
00
00
00
00
06
9F
38
D1
6A
03
9C
35
CE
67
00
00
00
00
00
00
00
00
00
00
00
00
00
00
00
00
00
00
00
00
00
00
10
A8
40
D8
70
08
A0
38
D0
68
00
00
00
00
00
00
00
00
00
00
00
00
00
00
00
00
00
00
00
00
00
00
1A
B1
48
DF
76
0D
A4
3B
D2
69
00
00
00
00
00
00
00
00
00
00
00
00
00
00
00
00
00
00
00
00
00
00
24
BA
50
E6
7C
12
A8
3E
D4
6A
00
00
00
00
00
00
00
00
00
00
00
00
00
00
00
00
00
00
00
00
00
00
2E
C3
58
ED
82
17
AC
41
D6
6B
00
00
00
00
00
00
00
00
00
00
00
00
00
00
00
00
00
00
00
00
00
00
38
CC
60
F4
88
1C
B0
44
D8
6C
00
00
00
00
00
00
00
00
00
00
00
00
00
00
00
00
00
00
00
00
00
00
42
D5
68
FB
8E
21
B4
47
DA
6D
00
00
00
00
00
00
00
00
00
00
00
00
00
00
00
00
00
00
00
00
00
00
4C
DE
70
02
94
26
B8
4A
DC
6E
00
00
00
00
00
00
00
00
00
00
00
00
00
00
00
00
00
00
00
00
00
00
56
E7
78
09
9A
2B
BC
4D
DE
6F
00
00
00
00
00
00
00
00
00
00
00
00
00
00
00
00
00
00
00
00
00
00
60
F0
80
10
A0
30
C0
50
E0
70
00
00
00
00
00
00
00
00
00
00
00
00
00
00
00
00
00
00
00
00
00
00
6A
F9
88
17
A6
35
C4
53
E2
71
00
00
00
00
00
00
00
00
00
00
00
00
00
00
00
00
00
00
00
00
00
00
74
02
90
1E
AC
3A
C8
56
E4
72
00
00
00
00
00
00
00
00
00
00
00
00
00
00
00
00
00
00
00
00
00
00
7E
0B
98
25
B2
3F
CC
59
E6
73
00
00
00
00
00
00
00
00
00
00
00
00
00
00
00
00
00
00
00
00
00
00
88
14
A0
2C
B8
44
D0
5C
E8
74
00
00
00
00
00
00
00
00
00
00
00
00
00
00
00
00
00
00
00
00
00
00
92
1D
A8
33
BE
49
D4
5F
EA
75
00
00
00
00
00
00
00
00
00
00
00
00
00
00
00
00
00
00
00
00
00
00
9C
26
B0
3A
C4
4E
D8
62
EC
76
00
00
00
00
00
00
00
00
00
00
00
00
00
00
00
00
00
00
00
00
00
00
A6
2F
B8
41
CA
53
DC
65
EE
77
00
00
00
00
00
00
00
